{
    "camera_angle_x": 0.6911112070083618,
    "frames": [
        {
            "file_path": "./train/image_0001",
            "rotation": 0.12566370614359174,
            "transform_matrix": [
                [
                    0.0,
                    -0.0094,
                    1.0,
                    1.876
                ],
                [
                    0.0,
                    1.0,
                    0.0094,
                    0.2
                ],
                [
                    -1.0,
                    0.0,
                    0.0,
                    0.0
                ],
                [
                    0.0,
                    0.0,
                    0.0,
                    1.0
                ]
            ],
            "cx": 500.0,
            "cy": 500.0,
            "fl_x": 50.0,
            "fl_y": 50.0,
            "h": 1000.0,
            "w": 1000.0
        },
        {
            "file_path": "./train/image_0002",
            "rotation": 0.12566370614359174,
            "transform_matrix": [
                [
                    0.1253,
                    -0.0093,
                    0.9921,
                    1.8626
                ],
                [
                    0.0,
                    1.0,
                    0.0094,
                    0.2
                ],
                [
                    -0.9921,
                    -0.0012,
                    0.1253,
                    0.2131
                ],
                [
                    0.0,
                    0.0,
                    0.0,
                    1.0
                ]
            ],
            "cx": 500.0,
            "cy": 500.0,
            "fl_x": 50.0,
            "fl_y": 50.0,
            "h": 1000.0,
            "w": 1000.0
        },
        {
            "file_path": "./train/image_0003",
            "rotation": 0.12566370614359174,
            "transform_matrix": [
                [
                    0.2487,
                    -0.0091,
                    0.9685,
                    1.8226
                ],
                [
                    0.0,
                    1.0,
                    0.0094,
                    0.2
                ],
                [
                    -0.9686,
                    -0.0023,
                    0.2487,
                    0.4228
                ],
                [
                    0.0,
                    0.0,
                    0.0,
                    1.0
                ]
            ],
            "cx": 500.0,
            "cy": 500.0,
            "fl_x": 50.0,
            "fl_y": 50.0,
            "h": 1000.0,
            "w": 1000.0
        },
        {
            "file_path": "./train/image_0004",
            "rotation": 0.12566370614359174,
            "transform_matrix": [
                [
                    0.6845,
                    -0.0069,
                    0.7289,
                    1.4152
                ],
                [
                    0.0,
                    1.0,
                    0.0094,
                    0.2
                ],
                [
                    -0.729,
                    -0.0064,
                    0.6845,
                    1.1637
                ],
                [
                    0.0,
                    0.0,
                    0.0,
                    1.0
                ]
            ],
            "cx": 500.0,
            "cy": 500.0,
            "fl_x": 50.0,
            "fl_y": 50.0,
            "h": 1000.0,
            "w": 1000.0
        },
        {
            "file_path": "./train/image_0005",
            "rotation": 0.12566370614359174,
            "transform_matrix": [
                [
                    0.7705,
                    -0.006,
                    0.6374,
                    1.2596
                ],
                [
                    0.0,
                    1.0,
                    0.0094,
                    0.2
                ],
                [
                    -0.6374,
                    -0.0073,
                    0.7705,
                    1.3099
                ],
                [
                    0.0,
                    0.0,
                    0.0,
                    1.0
                ]
            ],
            "cx": 500.0,
            "cy": 500.0,
            "fl_x": 50.0,
            "fl_y": 50.0,
            "h": 1000.0,
            "w": 1000.0
        },
        {
            "file_path": "./train/image_0006",
            "rotation": 0.12566370614359174,
            "transform_matrix": [
                [
                    0.9048,
                    -0.004,
                    0.4258,
                    0.8998
                ],
                [
                    0.0,
                    1.0,
                    0.0094,
                    0.2
                ],
                [
                    -0.4258,
                    -0.0085,
                    0.9048,
                    1.5382
                ],
                [
                    0.0,
                    0.0,
                    0.0,
                    1.0
                ]
            ],
            "cx": 500.0,
            "cy": 500.0,
            "fl_x": 50.0,
            "fl_y": 50.0,
            "h": 1000.0,
            "w": 1000.0
        },
        {
            "file_path": "./train/image_0007",
            "rotation": 0.12566370614359174,
            "transform_matrix": [
                [
                    0.998,
                    0.0006,
                    -0.0628,
                    0.0693
                ],
                [
                    0.0,
                    1.0,
                    0.0094,
                    0.2
                ],
                [
                    0.0628,
                    -0.0094,
                    0.998,
                    1.6966
                ],
                [
                    0.0,
                    0.0,
                    0.0,
                    1.0
                ]
            ],
            "cx": 500.0,
            "cy": 500.0,
            "fl_x": 50.0,
            "fl_y": 50.0,
            "h": 1000.0,
            "w": 1000.0
        },
        {
            "file_path": "./train/image_0008",
            "rotation": 0.12566370614359174,
            "transform_matrix": [
                [
                    0.9823,
                    0.0018,
                    -0.1874,
                    -0.1425
                ],
                [
                    0.0,
                    1.0,
                    0.0094,
                    0.2
                ],
                [
                    0.1874,
                    -0.0092,
                    0.9822,
                    1.6699
                ],
                [
                    0.0,
                    0.0,
                    0.0,
                    1.0
                ]
            ],
            "cx": 500.0,
            "cy": 500.0,
            "fl_x": 50.0,
            "fl_y": 50.0,
            "h": 1000.0,
            "w": 1000.0
        },
        {
            "file_path": "./train/image_0009",
            "rotation": 0.12566370614359174,
            "transform_matrix": [
                [
                    0.9048,
                    0.004,
                    -0.4258,
                    -0.5478
                ],
                [
                    0.0,
                    1.0,
                    0.0094,
                    0.2
                ],
                [
                    0.4258,
                    -0.0085,
                    0.9048,
                    1.5382
                ],
                [
                    0.0,
                    0.0,
                    0.0,
                    1.0
                ]
            ],
            "cx": 500.0,
            "cy": 500.0,
            "fl_x": 50.0,
            "fl_y": 50.0,
            "h": 1000.0,
            "w": 1000.0
        },
        {
            "file_path": "./train/image_0010",
            "rotation": 0.12566370614359174,
            "transform_matrix": [
                [
                    0.8443,
                    0.005,
                    -0.5358,
                    -0.7349
                ],
                [
                    0.0,
                    1.0,
                    0.0094,
                    0.2
                ],
                [
                    0.5358,
                    -0.0079,
                    0.8443,
                    1.4354
                ],
                [
                    0.0,
                    0.0,
                    0.0,
                    1.0
                ]
            ],
            "cx": 500.0,
            "cy": 500.0,
            "fl_x": 50.0,
            "fl_y": 50.0,
            "h": 1000.0,
            "w": 1000.0
        },
        {
            "file_path": "./train/image_0011",
            "rotation": 0.12566370614359174,
            "transform_matrix": [
                [
                    0.5878,
                    0.0076,
                    -0.809,
                    -1.1993
                ],
                [
                    0.0,
                    1.0,
                    0.0094,
                    0.2
                ],
                [
                    0.809,
                    -0.0055,
                    0.5878,
                    0.9992
                ],
                [
                    0.0,
                    0.0,
                    0.0,
                    1.0
                ]
            ],
            "cx": 500.0,
            "cy": 500.0,
            "fl_x": 50.0,
            "fl_y": 50.0,
            "h": 1000.0,
            "w": 1000.0
        },
        {
            "file_path": "./train/image_0012",
            "rotation": 0.12566370614359174,
            "transform_matrix": [
                [
                    0.4818,
                    0.0082,
                    -0.8763,
                    -1.3137
                ],
                [
                    0.0,
                    1.0,
                    0.0094,
                    0.2
                ],
                [
                    0.8763,
                    -0.0045,
                    0.4817,
                    0.819
                ],
                [
                    0.0,
                    0.0,
                    0.0,
                    1.0
                ]
            ],
            "cx": 500.0,
            "cy": 500.0,
            "fl_x": 50.0,
            "fl_y": 50.0,
            "h": 1000.0,
            "w": 1000.0
        },
        {
            "file_path": "./train/image_0013",
            "rotation": 0.12566370614359174,
            "transform_matrix": [
                [
                    0.3681,
                    0.0088,
                    -0.9297,
                    -1.4046
                ],
                [
                    0.0,
                    1.0,
                    0.0094,
                    0.2
                ],
                [
                    0.9298,
                    -0.0035,
                    0.3681,
                    0.6258
                ],
                [
                    0.0,
                    0.0,
                    0.0,
                    1.0
                ]
            ],
            "cx": 500.0,
            "cy": 500.0,
            "fl_x": 50.0,
            "fl_y": 50.0,
            "h": 1000.0,
            "w": 1000.0
        },
        {
            "file_path": "./train/image_0014",
            "rotation": 0.12566370614359174,
            "transform_matrix": [
                [
                    0.1253,
                    0.0093,
                    -0.9921,
                    -1.5106
                ],
                [
                    0.0,
                    1.0,
                    0.0094,
                    0.2
                ],
                [
                    0.9921,
                    -0.0012,
                    0.1253,
                    0.2131
                ],
                [
                    0.0,
                    0.0,
                    0.0,
                    1.0
                ]
            ],
            "cx": 500.0,
            "cy": 500.0,
            "fl_x": 50.0,
            "fl_y": 50.0,
            "h": 1000.0,
            "w": 1000.0
        },
        {
            "file_path": "./train/image_0015",
            "rotation": 0.12566370614359174,
            "transform_matrix": [
                [
                    -0.2487,
                    0.0091,
                    -0.9685,
                    -1.4706
                ],
                [
                    0.0,
                    1.0,
                    0.0094,
                    0.2
                ],
                [
                    0.9686,
                    0.0023,
                    -0.2487,
                    -0.4228
                ],
                [
                    0.0,
                    0.0,
                    0.0,
                    1.0
                ]
            ],
            "cx": 500.0,
            "cy": 500.0,
            "fl_x": 50.0,
            "fl_y": 50.0,
            "h": 1000.0,
            "w": 1000.0
        },
        {
            "file_path": "./train/image_0016",
            "rotation": 0.12566370614359174,
            "transform_matrix": [
                [
                    -0.3681,
                    0.0088,
                    -0.9297,
                    -1.4046
                ],
                [
                    0.0,
                    1.0,
                    0.0094,
                    0.2
                ],
                [
                    0.9298,
                    0.0035,
                    -0.3681,
                    -0.6258
                ],
                [
                    0.0,
                    0.0,
                    0.0,
                    1.0
                ]
            ],
            "cx": 500.0,
            "cy": 500.0,
            "fl_x": 50.0,
            "fl_y": 50.0,
            "h": 1000.0,
            "w": 1000.0
        },
        {
            "file_path": "./train/image_0017",
            "rotation": 0.12566370614359174,
            "transform_matrix": [
                [
                    -0.5878,
                    0.0076,
                    -0.809,
                    -1.1993
                ],
                [
                    0.0,
                    1.0,
                    0.0094,
                    0.2
                ],
                [
                    0.809,
                    0.0055,
                    -0.5878,
                    -0.9992
                ],
                [
                    0.0,
                    0.0,
                    0.0,
                    1.0
                ]
            ],
            "cx": 500.0,
            "cy": 500.0,
            "fl_x": 50.0,
            "fl_y": 50.0,
            "h": 1000.0,
            "w": 1000.0
        },
        {
            "file_path": "./train/image_0018",
            "rotation": 0.12566370614359174,
            "transform_matrix": [
                [
                    -0.6845,
                    0.0069,
                    -0.7289,
                    -1.0632
                ],
                [
                    0.0,
                    1.0,
                    0.0094,
                    0.2
                ],
                [
                    0.729,
                    0.0064,
                    -0.6845,
                    -1.1637
                ],
                [
                    0.0,
                    0.0,
                    0.0,
                    1.0
                ]
            ],
            "cx": 500.0,
            "cy": 500.0,
            "fl_x": 50.0,
            "fl_y": 50.0,
            "h": 1000.0,
            "w": 1000.0
        },
        {
            "file_path": "./train/image_0019",
            "rotation": 0.12566370614359174,
            "transform_matrix": [
                [
                    -0.7705,
                    0.006,
                    -0.6374,
                    -0.9076
                ],
                [
                    0.0,
                    1.0,
                    0.0094,
                    0.2
                ],
                [
                    0.6374,
                    0.0073,
                    -0.7705,
                    -1.3099
                ],
                [
                    0.0,
                    0.0,
                    0.0,
                    1.0
                ]
            ],
            "cx": 500.0,
            "cy": 500.0,
            "fl_x": 50.0,
            "fl_y": 50.0,
            "h": 1000.0,
            "w": 1000.0
        },
        {
            "file_path": "./train/image_0020",
            "rotation": 0.12566370614359174,
            "transform_matrix": [
                [
                    -0.8443,
                    0.005,
                    -0.5358,
                    -0.7349
                ],
                [
                    0.0,
                    1.0,
                    0.0094,
                    0.2
                ],
                [
                    0.5358,
                    0.0079,
                    -0.8443,
                    -1.4354
                ],
                [
                    0.0,
                    0.0,
                    0.0,
                    1.0
                ]
            ],
            "cx": 500.0,
            "cy": 500.0,
            "fl_x": 50.0,
            "fl_y": 50.0,
            "h": 1000.0,
            "w": 1000.0
        },
        {
            "file_path": "./train/image_0021",
            "rotation": 0.12566370614359174,
            "transform_matrix": [
                [
                    -0.9511,
                    0.0029,
                    -0.309,
                    -0.3493
                ],
                [
                    0.0,
                    1.0,
                    0.0094,
                    0.2
                ],
                [
                    0.309,
                    0.009,
                    -0.951,
                    -1.6168
                ],
                [
                    0.0,
                    0.0,
                    0.0,
                    1.0
                ]
            ],
            "cx": 500.0,
            "cy": 500.0,
            "fl_x": 50.0,
            "fl_y": 50.0,
            "h": 1000.0,
            "w": 1000.0
        },
        {
            "file_path": "./train/image_0022",
            "rotation": 0.12566370614359174,
            "transform_matrix": [
                [
                    -0.9823,
                    0.0018,
                    -0.1874,
                    -0.1425
                ],
                [
                    0.0,
                    1.0,
                    0.0094,
                    0.2
                ],
                [
                    0.1874,
                    0.0092,
                    -0.9822,
                    -1.6699
                ],
                [
                    0.0,
                    0.0,
                    0.0,
                    1.0
                ]
            ],
            "cx": 500.0,
            "cy": 500.0,
            "fl_x": 50.0,
            "fl_y": 50.0,
            "h": 1000.0,
            "w": 1000.0
        },
        {
            "file_path": "./train/image_0023",
            "rotation": 0.12566370614359174,
            "transform_matrix": [
                [
                    -0.998,
                    0.0006,
                    -0.0628,
                    0.0693
                ],
                [
                    0.0,
                    1.0,
                    0.0094,
                    0.2
                ],
                [
                    0.0628,
                    0.0094,
                    -0.998,
                    -1.6966
                ],
                [
                    0.0,
                    0.0,
                    0.0,
                    1.0
                ]
            ],
            "cx": 500.0,
            "cy": 500.0,
            "fl_x": 50.0,
            "fl_y": 50.0,
            "h": 1000.0,
            "w": 1000.0
        },
        {
            "file_path": "./train/image_0024",
            "rotation": 0.12566370614359174,
            "transform_matrix": [
                [
                    -0.998,
                    -0.0006,
                    0.0628,
                    0.2827
                ],
                [
                    0.0,
                    1.0,
                    0.0094,
                    0.2
                ],
                [
                    -0.0628,
                    0.0094,
                    -0.998,
                    -1.6966
                ],
                [
                    0.0,
                    0.0,
                    0.0,
                    1.0
                ]
            ],
            "cx": 500.0,
            "cy": 500.0,
            "fl_x": 50.0,
            "fl_y": 50.0,
            "h": 1000.0,
            "w": 1000.0
        },
        {
            "file_path": "./train/image_0025",
            "rotation": 0.12566370614359174,
            "transform_matrix": [
                [
                    -0.7705,
                    -0.006,
                    0.6374,
                    1.2596
                ],
                [
                    0.0,
                    1.0,
                    0.0094,
                    0.2
                ],
                [
                    -0.6374,
                    0.0073,
                    -0.7705,
                    -1.3099
                ],
                [
                    0.0,
                    0.0,
                    0.0,
                    1.0
                ]
            ],
            "cx": 500.0,
            "cy": 500.0,
            "fl_x": 50.0,
            "fl_y": 50.0,
            "h": 1000.0,
            "w": 1000.0
        },
        {
            "file_path": "./train/image_0026",
            "rotation": 0.12566370614359174,
            "transform_matrix": [
                [
                    -0.6845,
                    -0.0069,
                    0.7289,
                    1.4152
                ],
                [
                    0.0,
                    1.0,
                    0.0094,
                    0.2
                ],
                [
                    -0.729,
                    0.0064,
                    -0.6845,
                    -1.1637
                ],
                [
                    0.0,
                    0.0,
                    0.0,
                    1.0
                ]
            ],
            "cx": 500.0,
            "cy": 500.0,
            "fl_x": 50.0,
            "fl_y": 50.0,
            "h": 1000.0,
            "w": 1000.0
        },
        {
            "file_path": "./train/image_0027",
            "rotation": 0.12566370614359174,
            "transform_matrix": [
                [
                    -0.5878,
                    -0.0076,
                    0.809,
                    1.5513
                ],
                [
                    0.0,
                    1.0,
                    0.0094,
                    0.2
                ],
                [
                    -0.809,
                    0.0055,
                    -0.5878,
                    -0.9992
                ],
                [
                    0.0,
                    0.0,
                    0.0,
                    1.0
                ]
            ],
            "cx": 500.0,
            "cy": 500.0,
            "fl_x": 50.0,
            "fl_y": 50.0,
            "h": 1000.0,
            "w": 1000.0
        },
        {
            "file_path": "./train/image_0028",
            "rotation": 0.12566370614359174,
            "transform_matrix": [
                [
                    -0.4818,
                    -0.0082,
                    0.8763,
                    1.6657
                ],
                [
                    0.0,
                    1.0,
                    0.0094,
                    0.2
                ],
                [
                    -0.8763,
                    0.0045,
                    -0.4817,
                    -0.819
                ],
                [
                    0.0,
                    0.0,
                    0.0,
                    1.0
                ]
            ],
            "cx": 500.0,
            "cy": 500.0,
            "fl_x": 50.0,
            "fl_y": 50.0,
            "h": 1000.0,
            "w": 1000.0
        },
        {
            "file_path": "./train/image_0029",
            "rotation": 0.12566370614359174,
            "transform_matrix": [
                [
                    -0.3681,
                    -0.0088,
                    0.9297,
                    1.7566
                ],
                [
                    0.0,
                    1.0,
                    0.0094,
                    0.2
                ],
                [
                    -0.9298,
                    0.0035,
                    -0.3681,
                    -0.6258
                ],
                [
                    0.0,
                    0.0,
                    0.0,
                    1.0
                ]
            ],
            "cx": 500.0,
            "cy": 500.0,
            "fl_x": 50.0,
            "fl_y": 50.0,
            "h": 1000.0,
            "w": 1000.0
        },
        {
            "file_path": "./train/image_0030",
            "rotation": 0.12566370614359174,
            "transform_matrix": [
                [
                    -0.2487,
                    -0.0091,
                    0.9685,
                    1.8226
                ],
                [
                    0.0,
                    1.0,
                    0.0094,
                    0.2
                ],
                [
                    -0.9686,
                    0.0023,
                    -0.2487,
                    -0.4228
                ],
                [
                    0.0,
                    0.0,
                    0.0,
                    1.0
                ]
            ],
            "cx": 500.0,
            "cy": 500.0,
            "fl_x": 50.0,
            "fl_y": 50.0,
            "h": 1000.0,
            "w": 1000.0
        },
        {
            "file_path": "./train/image_0031",
            "rotation": 0.12566370614359174,
            "transform_matrix": [
                [
                    0.0,
                    -0.4282,
                    0.9037,
                    1.476
                ],
                [
                    0.0,
                    0.9037,
                    0.4282,
                    0.8
                ],
                [
                    -1.0,
                    0.0,
                    0.0,
                    0.0
                ],
                [
                    0.0,
                    0.0,
                    0.0,
                    1.0
                ]
            ],
            "cx": 500.0,
            "cy": 500.0,
            "fl_x": 50.0,
            "fl_y": 50.0,
            "h": 1000.0,
            "w": 1000.0
        },
        {
            "file_path": "./train/image_0032",
            "rotation": 0.12566370614359174,
            "transform_matrix": [
                [
                    0.2487,
                    -0.4148,
                    0.8753,
                    1.4352
                ],
                [
                    0.0,
                    0.9037,
                    0.4282,
                    0.8
                ],
                [
                    -0.9686,
                    -0.1065,
                    0.2247,
                    0.3233
                ],
                [
                    0.0,
                    0.0,
                    0.0,
                    1.0
                ]
            ],
            "cx": 500.0,
            "cy": 500.0,
            "fl_x": 50.0,
            "fl_y": 50.0,
            "h": 1000.0,
            "w": 1000.0
        },
        {
            "file_path": "./train/image_0033",
            "rotation": 0.12566370614359174,
            "transform_matrix": [
                [
                    0.4818,
                    -0.3752,
                    0.7919,
                    1.3152
                ],
                [
                    0.0,
                    0.9037,
                    0.4282,
                    0.8
                ],
                [
                    -0.8763,
                    -0.2063,
                    0.4354,
                    0.6263
                ],
                [
                    0.0,
                    0.0,
                    0.0,
                    1.0
                ]
            ],
            "cx": 500.0,
            "cy": 500.0,
            "fl_x": 50.0,
            "fl_y": 50.0,
            "h": 1000.0,
            "w": 1000.0
        },
        {
            "file_path": "./train/image_0034",
            "rotation": 0.12566370614359174,
            "transform_matrix": [
                [
                    0.9511,
                    -0.1323,
                    0.2793,
                    0.5777
                ],
                [
                    0.0,
                    0.9037,
                    0.4282,
                    0.8
                ],
                [
                    -0.309,
                    -0.4072,
                    0.8595,
                    1.2364
                ],
                [
                    0.0,
                    0.0,
                    0.0,
                    1.0
                ]
            ],
            "cx": 500.0,
            "cy": 500.0,
            "fl_x": 50.0,
            "fl_y": 50.0,
            "h": 1000.0,
            "w": 1000.0
        },
        {
            "file_path": "./train/image_0035",
            "rotation": 0.12566370614359174,
            "transform_matrix": [
                [
                    0.7705,
                    0.2729,
                    -0.576,
                    -0.6527
                ],
                [
                    0.0,
                    0.9037,
                    0.4282,
                    0.8
                ],
                [
                    0.6374,
                    -0.3299,
                    0.6963,
                    1.0017
                ],
                [
                    0.0,
                    0.0,
                    0.0,
                    1.0
                ]
            ],
            "cx": 500.0,
            "cy": 500.0,
            "fl_x": 50.0,
            "fl_y": 50.0,
            "h": 1000.0,
            "w": 1000.0
        },
        {
            "file_path": "./train/image_0036",
            "rotation": 0.12566370614359174,
            "transform_matrix": [
                [
                    0.5878,
                    0.3464,
                    -0.7311,
                    -0.8757
                ],
                [
                    0.0,
                    0.9037,
                    0.4282,
                    0.8
                ],
                [
                    0.809,
                    -0.2517,
                    0.5312,
                    0.7641
                ],
                [
                    0.0,
                    0.0,
                    0.0,
                    1.0
                ]
            ],
            "cx": 500.0,
            "cy": 500.0,
            "fl_x": 50.0,
            "fl_y": 50.0,
            "h": 1000.0,
            "w": 1000.0
        },
        {
            "file_path": "./train/image_0037",
            "rotation": 0.12566370614359174,
            "transform_matrix": [
                [
                    0.3681,
                    0.3981,
                    -0.8402,
                    -1.0327
                ],
                [
                    0.0,
                    0.9037,
                    0.4282,
                    0.8
                ],
                [
                    0.9298,
                    -0.1576,
                    0.3327,
                    0.4786
                ],
                [
                    0.0,
                    0.0,
                    0.0,
                    1.0
                ]
            ],
            "cx": 500.0,
            "cy": 500.0,
            "fl_x": 50.0,
            "fl_y": 50.0,
            "h": 1000.0,
            "w": 1000.0
        },
        {
            "file_path": "./train/image_0038",
            "rotation": 0.12566370614359174,
            "transform_matrix": [
                [
                    0.1253,
                    0.4248,
                    -0.8966,
                    -1.1137
                ],
                [
                    0.0,
                    0.9037,
                    0.4282,
                    0.8
                ],
                [
                    0.9921,
                    -0.0537,
                    0.1133,
                    0.1629
                ],
                [
                    0.0,
                    0.0,
                    0.0,
                    1.0
                ]
            ],
            "cx": 500.0,
            "cy": 500.0,
            "fl_x": 50.0,
            "fl_y": 50.0,
            "h": 1000.0,
            "w": 1000.0
        },
        {
            "file_path": "./train/image_0039",
            "rotation": 0.12566370614359174,
            "transform_matrix": [
                [
                    -0.3681,
                    0.3981,
                    -0.8402,
                    -1.0327
                ],
                [
                    0.0,
                    0.9037,
                    0.4282,
                    0.8
                ],
                [
                    0.9298,
                    0.1576,
                    -0.3327,
                    -0.4786
                ],
                [
                    0.0,
                    0.0,
                    0.0,
                    1.0
                ]
            ],
            "cx": 500.0,
            "cy": 500.0,
            "fl_x": 50.0,
            "fl_y": 50.0,
            "h": 1000.0,
            "w": 1000.0
        },
        {
            "file_path": "./train/image_0040",
            "rotation": 0.12566370614359174,
            "transform_matrix": [
                [
                    -0.5878,
                    0.3464,
                    -0.7311,
                    -0.8757
                ],
                [
                    0.0,
                    0.9037,
                    0.4282,
                    0.8
                ],
                [
                    0.809,
                    0.2517,
                    -0.5312,
                    -0.7641
                ],
                [
                    0.0,
                    0.0,
                    0.0,
                    1.0
                ]
            ],
            "cx": 500.0,
            "cy": 500.0,
            "fl_x": 50.0,
            "fl_y": 50.0,
            "h": 1000.0,
            "w": 1000.0
        },
        {
            "file_path": "./train/image_0041",
            "rotation": 0.12566370614359174,
            "transform_matrix": [
                [
                    -0.7705,
                    0.2729,
                    -0.576,
                    -0.6526
                ],
                [
                    0.0,
                    0.9037,
                    0.4282,
                    0.8
                ],
                [
                    0.6374,
                    0.3299,
                    -0.6963,
                    -1.0017
                ],
                [
                    0.0,
                    0.0,
                    0.0,
                    1.0
                ]
            ],
            "cx": 500.0,
            "cy": 500.0,
            "fl_x": 50.0,
            "fl_y": 50.0,
            "h": 1000.0,
            "w": 1000.0
        },
        {
            "file_path": "./train/image_0042",
            "rotation": 0.12566370614359174,
            "transform_matrix": [
                [
                    -0.9048,
                    0.1823,
                    -0.3848,
                    -0.3775
                ],
                [
                    0.0,
                    0.9037,
                    0.4282,
                    0.8
                ],
                [
                    0.4258,
                    0.3875,
                    -0.8177,
                    -1.1763
                ],
                [
                    0.0,
                    0.0,
                    0.0,
                    1.0
                ]
            ],
            "cx": 500.0,
            "cy": 500.0,
            "fl_x": 50.0,
            "fl_y": 50.0,
            "h": 1000.0,
            "w": 1000.0
        },
        {
            "file_path": "./train/image_0043",
            "rotation": 0.12566370614359174,
            "transform_matrix": [
                [
                    -0.9823,
                    0.0802,
                    -0.1693,
                    -0.0676
                ],
                [
                    0.0,
                    0.9037,
                    0.4282,
                    0.8
                ],
                [
                    0.1874,
                    0.4206,
                    -0.8877,
                    -1.277
                ],
                [
                    0.0,
                    0.0,
                    0.0,
                    1.0
                ]
            ],
            "cx": 500.0,
            "cy": 500.0,
            "fl_x": 50.0,
            "fl_y": 50.0,
            "h": 1000.0,
            "w": 1000.0
        },
        {
            "file_path": "./train/image_0044",
            "rotation": 0.12566370614359174,
            "transform_matrix": [
                [
                    -0.998,
                    -0.0269,
                    0.0567,
                    0.2576
