{
    "camera_angle_x": 0.6911112070083618,
    "frames": [
        {
            "file_path": "./train/image_0001",
            "rotation": 0.12566370614359174,
            "transform_matrix": [
                [
                    0.1253,
                    -0.0079,
                    0.9921,
                    2.1602
                ],
                [
                    0.0,
                    1.0,
                    0.008,
                    0.2
                ],
                [
                    -0.9921,
                    -0.001,
                    0.1253,
                    0.2507
                ],
                [
                    0.0,
                    0.0,
                    0.0,
                    1.0
                ]
            ],
            "cx": 500.0,
            "cy": 500.0,
            "fl_x": 50.0,
            "fl_y": 50.0,
            "h": 1000.0,
            "w": 1000.0
        },
        {
            "file_path": "./train/image_0002",
            "rotation": 0.12566370614359174,
            "transform_matrix": [
                [
                    0.2487,
                    -0.0077,
                    0.9686,
                    2.1132
                ],
                [
                    0.0,
                    1.0,
                    0.008,
                    0.2
                ],
                [
                    -0.9686,
                    -0.002,
                    0.2487,
                    0.4974
                ],
                [
                    0.0,
                    0.0,
                    0.0,
                    1.0
                ]
            ],
            "cx": 500.0,
            "cy": 500.0,
            "fl_x": 50.0,
            "fl_y": 50.0,
            "h": 1000.0,
            "w": 1000.0
        },
        {
            "file_path": "./train/image_0003",
            "rotation": 0.12566370614359174,
            "transform_matrix": [
                [
                    0.3681,
                    -0.0074,
                    0.9297,
                    2.0356
                ],
                [
                    0.0,
                    1.0,
                    0.008,
                    0.2
                ],
                [
                    -0.9298,
                    -0.0029,
                    0.3681,
                    0.7362
                ],
                [
                    0.0,
                    0.0,
                    0.0,
                    1.0
                ]
            ],
            "cx": 500.0,
            "cy": 500.0,
            "fl_x": 50.0,
            "fl_y": 50.0,
            "h": 1000.0,
            "w": 1000.0
        },
        {
            "file_path": "./train/image_0004",
            "rotation": 0.12566370614359174,
            "transform_matrix": [
                [
                    0.4818,
                    -0.007,
                    0.8763,
                    1.9286
                ],
                [
                    0.0,
                    1.0,
                    0.008,
                    0.2
                ],
                [
                    -0.8763,
                    -0.0039,
                    0.4817,
                    0.9635
                ],
                [
                    0.0,
                    0.0,
                    0.0,
                    1.0
                ]
            ],
            "cx": 500.0,
            "cy": 500.0,
            "fl_x": 50.0,
            "fl_y": 50.0,
            "h": 1000.0,
            "w": 1000.0
        },
        {
            "file_path": "./train/image_0005",
            "rotation": 0.12566370614359174,
            "transform_matrix": [
                [
                    0.5878,
                    -0.0065,
                    0.809,
                    1.794
                ],
                [
                    0.0,
                    1.0,
                    0.008,
                    0.2
                ],
                [
                    -0.809,
                    -0.0047,
                    0.5878,
                    1.1756
                ],
                [
                    0.0,
                    0.0,
                    0.0,
                    1.0
                ]
            ],
            "cx": 500.0,
            "cy": 500.0,
            "fl_x": 50.0,
            "fl_y": 50.0,
            "h": 1000.0,
            "w": 1000.0
        },
        {
            "file_path": "./train/image_0006",
            "rotation": 0.12566370614359174,
            "transform_matrix": [
                [
                    0.6845,
                    -0.0058,
                    0.7289,
                    1.6339
                ],
                [
                    0.0,
                    1.0,
                    0.008,
                    0.2
                ],
                [
                    -0.729,
                    -0.0055,
                    0.6845,
                    1.3691
                ],
                [
                    0.0,
                    0.0,
                    0.0,
                    1.0
                ]
            ],
            "cx": 500.0,
            "cy": 500.0,
            "fl_x": 50.0,
            "fl_y": 50.0,
            "h": 1000.0,
            "w": 1000.0
        },
        {
            "file_path": "./train/image_0007",
            "rotation": 0.12566370614359174,
            "transform_matrix": [
                [
                    0.7705,
                    -0.0051,
                    0.6374,
                    1.4508
                ],
                [
                    0.0,
                    1.0,
                    0.008,
                    0.2
                ],
                [
                    -0.6374,
                    -0.0062,
                    0.7705,
                    1.541
                ],
                [
                    0.0,
                    0.0,
                    0.0,
                    1.0
                ]
            ],
            "cx": 500.0,
            "cy": 500.0,
            "fl_x": 50.0,
            "fl_y": 50.0,
            "h": 1000.0,
            "w": 1000.0
        },
        {
            "file_path": "./train/image_0008",
            "rotation": 0.12566370614359174,
            "transform_matrix": [
                [
                    0.8443,
                    -0.0043,
                    0.5358,
                    1.2477
                ],
                [
                    0.0,
                    1.0,
                    0.008,
                    0.2
                ],
                [
                    -0.5358,
                    -0.0068,
                    0.8443,
                    1.6887
                ],
                [
                    0.0,
                    0.0,
                    0.0,
                    1.0
                ]
            ],
            "cx": 500.0,
            "cy": 500.0,
            "fl_x": 50.0,
            "fl_y": 50.0,
            "h": 1000.0,
            "w": 1000.0
        },
        {
            "file_path": "./train/image_0009",
            "rotation": 0.12566370614359174,
            "transform_matrix": [
                [
                    0.9048,
                    -0.0034,
                    0.4258,
                    1.0276
                ],
                [
                    0.0,
                    1.0,
                    0.008,
                    0.2
                ],
                [
                    -0.4258,
                    -0.0072,
                    0.9048,
                    1.8097
                ],
                [
                    0.0,
                    0.0,
                    0.0,
                    1.0
                ]
            ],
            "cx": 500.0,
            "cy": 500.0,
            "fl_x": 50.0,
            "fl_y": 50.0,
            "h": 1000.0,
            "w": 1000.0
        },
        {
            "file_path": "./train/image_0010",
            "rotation": 0.12566370614359174,
            "transform_matrix": [
                [
                    0.9823,
                    -0.0015,
                    0.1874,
                    0.5508
                ],
                [
                    0.0,
                    1.0,
                    0.008,
                    0.2
                ],
                [
                    -0.1874,
                    -0.0079,
                    0.9823,
                    1.9646
                ],
                [
                    0.0,
                    0.0,
                    0.0,
                    1.0
                ]
            ],
            "cx": 500.0,
            "cy": 500.0,
            "fl_x": 50.0,
            "fl_y": 50.0,
            "h": 1000.0,
            "w": 1000.0
        },
        {
            "file_path": "./train/image_0011",
            "rotation": 0.12566370614359174,
            "transform_matrix": [
                [
                    0.9823,
                    0.0015,
                    -0.1874,
                    -0.1988
                ],
                [
                    0.0,
                    1.0,
                    0.008,
                    0.2
                ],
                [
                    0.1874,
                    -0.0079,
                    0.9823,
                    1.9646
                ],
                [
                    0.0,
                    0.0,
                    0.0,
                    1.0
                ]
            ],
            "cx": 500.0,
            "cy": 500.0,
            "fl_x": 50.0,
            "fl_y": 50.0,
            "h": 1000.0,
            "w": 1000.0
        },
        {
            "file_path": "./train/image_0012",
            "rotation": 0.12566370614359174,
            "transform_matrix": [
                [
                    0.9511,
                    0.0025,
                    -0.309,
                    -0.442
                ],
                [
                    0.0,
                    1.0,
                    0.008,
                    0.2
                ],
                [
                    0.309,
                    -0.0076,
                    0.951,
                    1.9021
                ],
                [
                    0.0,
                    0.0,
                    0.0,
                    1.0
                ]
            ],
            "cx": 500.0,
            "cy": 500.0,
            "fl_x": 50.0,
            "fl_y": 50.0,
            "h": 1000.0,
            "w": 1000.0
        },
        {
            "file_path": "./train/image_0013",
            "rotation": 0.12566370614359174,
            "transform_matrix": [
                [
                    0.8443,
                    0.0043,
                    -0.5358,
                    -0.8957
                ],
                [
                    0.0,
                    1.0,
                    0.008,
                    0.2
                ],
                [
                    0.5358,
                    -0.0068,
                    0.8443,
                    1.6887
                ],
                [
                    0.0,
                    0.0,
                    0.0,
                    1.0
                ]
            ],
            "cx": 500.0,
            "cy": 500.0,
            "fl_x": 50.0,
            "fl_y": 50.0,
            "h": 1000.0,
            "w": 1000.0
        },
        {
            "file_path": "./train/image_0014",
            "rotation": 0.12566370614359174,
            "transform_matrix": [
                [
                    0.6845,
                    0.0058,
                    -0.7289,
                    -1.2819
                ],
                [
                    0.0,
                    1.0,
                    0.008,
                    0.2
                ],
                [
                    0.729,
                    -0.0055,
                    0.6845,
                    1.3691
                ],
                [
                    0.0,
                    0.0,
                    0.0,
                    1.0
                ]
            ],
            "cx": 500.0,
            "cy": 500.0,
            "fl_x": 50.0,
            "fl_y": 50.0,
            "h": 1000.0,
            "w": 1000.0
        },
        {
            "file_path": "./train/image_0015",
            "rotation": 0.12566370614359174,
            "transform_matrix": [
                [
                    0.5878,
                    0.0065,
                    -0.809,
                    -1.442
                ],
                [
                    0.0,
                    1.0,
                    0.008,
                    0.2
                ],
                [
                    0.809,
                    -0.0047,
                    0.5878,
                    1.1756
                ],
                [
                    0.0,
                    0.0,
                    0.0,
                    1.0
                ]
            ],
            "cx": 500.0,
            "cy": 500.0,
            "fl_x": 50.0,
            "fl_y": 50.0,
            "h": 1000.0,
            "w": 1000.0
        },
        {
            "file_path": "./train/image_0016",
            "rotation": 0.12566370614359174,
            "transform_matrix": [
                [
                    0.4818,
                    0.007,
                    -0.8763,
                    -1.5766
                ],
                [
                    0.0,
                    1.0,
                    0.008,
                    0.2
                ],
                [
                    0.8763,
                    -0.0039,
                    0.4817,
                    0.9635
                ],
                [
                    0.0,
                    0.0,
                    0.0,
                    1.0
                ]
            ],
            "cx": 500.0,
            "cy": 500.0,
            "fl_x": 50.0,
            "fl_y": 50.0,
            "h": 1000.0,
            "w": 1000.0
        },
        {
            "file_path": "./train/image_0017",
            "rotation": 0.12566370614359174,
            "transform_matrix": [
                [
                    0.1253,
                    0.0079,
                    -0.9921,
                    -1.8082
                ],
                [
                    0.0,
                    1.0,
                    0.008,
                    0.2
                ],
                [
                    0.9921,
                    -0.001,
                    0.1253,
                    0.2507
                ],
                [
                    0.0,
                    0.0,
                    0.0,
                    1.0
                ]
            ],
            "cx": 500.0,
            "cy": 500.0,
            "fl_x": 50.0,
            "fl_y": 50.0,
            "h": 1000.0,
            "w": 1000.0
        },
        {
            "file_path": "./train/image_0018",
            "rotation": 0.12566370614359174,
            "transform_matrix": [
                [
                    0.0,
                    0.008,
                    -1.0,
                    -1.824
                ],
                [
                    0.0,
                    1.0,
                    0.008,
                    0.2
                ],
                [
                    1.0,
                    0.0,
                    0.0,
                    0.0
                ],
                [
                    0.0,
                    0.0,
                    0.0,
                    1.0
                ]
            ],
            "cx": 500.0,
            "cy": 500.0,
            "fl_x": 50.0,
            "fl_y": 50.0,
            "h": 1000.0,
            "w": 1000.0
        },
        {
            "file_path": "./train/image_0019",
            "rotation": 0.12566370614359174,
            "transform_matrix": [
                [
                    -0.1253,
                    0.0079,
                    -0.9921,
                    -1.8082
                ],
                [
                    0.0,
                    1.0,
                    0.008,
                    0.2
                ],
                [
                    0.9921,
                    0.001,
                    -0.1253,
                    -0.2507
                ],
                [
                    0.0,
                    0.0,
                    0.0,
                    1.0
                ]
            ],
            "cx": 500.0,
            "cy": 500.0,
            "fl_x": 50.0,
            "fl_y": 50.0,
            "h": 1000.0,
            "w": 1000.0
        },
        {
            "file_path": "./train/image_0020",
            "rotation": 0.12566370614359174,
            "transform_matrix": [
                [
                    -0.2487,
                    0.0077,
                    -0.9686,
                    -1.7612
                ],
                [
                    0.0,
                    1.0,
                    0.008,
                    0.2
                ],
                [
                    0.9686,
                    0.002,
                    -0.2487,
                    -0.4974
                ],
                [
                    0.0,
                    0.0,
                    0.0,
                    1.0
                ]
            ],
            "cx": 500.0,
            "cy": 500.0,
            "fl_x": 50.0,
            "fl_y": 50.0,
            "h": 1000.0,
            "w": 1000.0
        },
        {
            "file_path": "./train/image_0021",
            "rotation": 0.12566370614359174,
            "transform_matrix": [
                [
                    -0.3681,
                    0.0074,
                    -0.9297,
                    -1.6836
                ],
                [
                    0.0,
                    1.0,
                    0.008,
                    0.2
                ],
                [
                    0.9298,
                    0.0029,
                    -0.3681,
                    -0.7362
                ],
                [
                    0.0,
                    0.0,
                    0.0,
                    1.0
                ]
            ],
            "cx": 500.0,
            "cy": 500.0,
            "fl_x": 50.0,
            "fl_y": 50.0,
            "h": 1000.0,
            "w": 1000.0
        },
        {
            "file_path": "./train/image_0022",
            "rotation": 0.12566370614359174,
            "transform_matrix": [
                [
                    -0.4818,
                    0.007,
                    -0.8763,
                    -1.5766
                ],
                [
                    0.0,
                    1.0,
                    0.008,
                    0.2
                ],
                [
                    0.8763,
                    0.0039,
                    -0.4817,
                    -0.9635
                ],
                [
                    0.0,
                    0.0,
                    0.0,
                    1.0
                ]
            ],
            "cx": 500.0,
            "cy": 500.0,
            "fl_x": 50.0,
            "fl_y": 50.0,
            "h": 1000.0,
            "w": 1000.0
        },
        {
            "file_path": "./train/image_0023",
            "rotation": 0.12566370614359174,
            "transform_matrix": [
                [
                    -0.6845,
                    0.0058,
                    -0.7289,
                    -1.2819
                ],
                [
                    0.0,
                    1.0,
                    0.008,
                    0.2
                ],
                [
                    0.729,
                    0.0055,
                    -0.6845,
                    -1.3691
                ],
                [
                    0.0,
                    0.0,
                    0.0,
                    1.0
                ]
            ],
            "cx": 500.0,
            "cy": 500.0,
            "fl_x": 50.0,
            "fl_y": 50.0,
            "h": 1000.0,
            "w": 1000.0
        },
        {
            "file_path": "./train/image_0024",
            "rotation": 0.12566370614359174,
            "transform_matrix": [
                [
                    -0.8443,
                    0.0043,
                    -0.5358,
                    -0.8957
                ],
                [
                    0.0,
                    1.0,
                    0.008,
                    0.2
                ],
                [
                    0.5358,
                    0.0068,
                    -0.8443,
                    -1.6887
                ],
                [
                    0.0,
                    0.0,
                    0.0,
                    1.0
                ]
            ],
            "cx": 500.0,
            "cy": 500.0,
            "fl_x": 50.0,
            "fl_y": 50.0,
            "h": 1000.0,
            "w": 1000.0
        },
        {
            "file_path": "./train/image_0025",
            "rotation": 0.12566370614359174,
            "transform_matrix": [
                [
                    -0.9048,
                    0.0034,
                    -0.4258,
                    -0.6756
                ],
                [
                    0.0,
                    1.0,
                    0.008,
                    0.2
                ],
                [
                    0.4258,
                    0.0072,
                    -0.9048,
                    -1.8097
                ],
                [
                    0.0,
                    0.0,
                    0.0,
                    1.0
                ]
            ],
            "cx": 500.0,
            "cy": 500.0,
            "fl_x": 50.0,
            "fl_y": 50.0,
            "h": 1000.0,
            "w": 1000.0
        },
        {
            "file_path": "./train/image_0026",
            "rotation": 0.12566370614359174,
            "transform_matrix": [
                [
                    -0.9511,
                    0.0025,
                    -0.309,
                    -0.442
                ],
                [
                    0.0,
                    1.0,
                    0.008,
                    0.2
                ],
                [
                    0.309,
                    0.0076,
                    -0.951,
                    -1.9021
                ],
                [
                    0.0,
                    0.0,
                    0.0,
                    1.0
                ]
            ],
            "cx": 500.0,
            "cy": 500.0,
            "fl_x": 50.0,
            "fl_y": 50.0,
            "h": 1000.0,
            "w": 1000.0
        },
        {
            "file_path": "./train/image_0027",
            "rotation": 0.12566370614359174,
            "transform_matrix": [
                [
                    -0.9823,
                    0.0015,
                    -0.1874,
                    -0.1988
                ],
                [
                    0.0,
                    1.0,
                    0.008,
                    0.2
                ],
                [
                    0.1874,
                    0.0079,
                    -0.9823,
                    -1.9646
                ],
                [
                    0.0,
                    0.0,
                    0.0,
                    1.0
                ]
            ],
            "cx": 500.0,
            "cy": 500.0,
            "fl_x": 50.0,
            "fl_y": 50.0,
            "h": 1000.0,
            "w": 1000.0
        },
        {
            "file_path": "./train/image_0028",
            "rotation": 0.12566370614359174,
            "transform_matrix": [
                [
                    -0.998,
                    0.0005,
                    -0.0628,
                    0.0504
                ],
                [
                    0.0,
                    1.0,
                    0.008,
                    0.2
                ],
                [
                    0.0628,
                    0.008,
                    -0.998,
                    -1.9961
                ],
                [
                    0.0,
                    0.0,
                    0.0,
                    1.0
                ]
            ],
            "cx": 500.0,
            "cy": 500.0,
            "fl_x": 50.0,
            "fl_y": 50.0,
            "h": 1000.0,
            "w": 1000.0
        },
        {
            "file_path": "./train/image_0029",
            "rotation": 0.12566370614359174,
            "transform_matrix": [
                [
                    -0.998,
                    -0.0005,
                    0.0628,
                    0.3016
                ],
                [
                    0.0,
                    1.0,
                    0.008,
                    0.2
                ],
                [
                    -0.0628,
                    0.008,
                    -0.998,
                    -1.9961
                ],
                [
                    0.0,
                    0.0,
                    0.0,
                    1.0
                ]
            ],
            "cx": 500.0,
            "cy": 500.0,
            "fl_x": 50.0,
            "fl_y": 50.0,
            "h": 1000.0,
            "w": 1000.0
        },
        {
            "file_path": "./train/image_0030",
            "rotation": 0.12566370614359174,
            "transform_matrix": [
                [
                    -0.9511,
                    -0.0025,
                    0.309,
                    0.794
                ],
                [
                    0.0,
                    1.0,
                    0.008,
                    0.2
                ],
                [
                    -0.309,
                    0.0076,
                    -0.951,
                    -1.9021
                ],
                [
                    0.0,
                    0.0,
                    0.0,
                    1.0
                ]
            ],
            "cx": 500.0,
            "cy": 500.0,
            "fl_x": 50.0,
            "fl_y": 50.0,
            "h": 1000.0,
            "w": 1000.0
        },
        {
            "file_path": "./train/image_0031",
            "rotation": 0.12566370614359174,
            "transform_matrix": [
                [
                    -0.9048,
                    -0.0034,
                    0.4258,
                    1.0276
                ],
                [
                    0.0,
                    1.0,
                    0.008,
                    0.2
                ],
                [
                    -0.4258,
                    0.0072,
                    -0.9048,
                    -1.8097
                ],
                [
                    0.0,
                    0.0,
                    0.0,
                    1.0
                ]
            ],
            "cx": 500.0,
            "cy": 500.0,
            "fl_x": 50.0,
            "fl_y": 50.0,
            "h": 1000.0,
            "w": 1000.0
        },
        {
            "file_path": "./train/image_0032",
            "rotation": 0.12566370614359174,
            "transform_matrix": [
                [
                    -0.7705,
                    -0.0051,
                    0.6374,
                    1.4508
                ],
                [
                    0.0,
                    1.0,
                    0.008,
                    0.2
                ],
                [
                    -0.6374,
                    0.0062,
                    -0.7705,
                    -1.541
                ],
                [
                    0.0,
                    0.0,
                    0.0,
                    1.0
                ]
            ],
            "cx": 500.0,
            "cy": 500.0,
            "fl_x": 50.0,
            "fl_y": 50.0,
            "h": 1000.0,
            "w": 1000.0
        },
        {
            "file_path": "./train/image_0033",
            "rotation": 0.12566370614359174,
            "transform_matrix": [
                [
                    -0.5878,
                    -0.0065,
                    0.809,
                    1.794
                ],
                [
                    0.0,
                    1.0,
                    0.008,
                    0.2
                ],
                [
                    -0.809,
                    0.0047,
                    -0.5878,
                    -1.1756
                ],
                [
                    0.0,
                    0.0,
                    0.0,
                    1.0
                ]
            ],
            "cx": 500.0,
            "cy": 500.0,
            "fl_x": 50.0,
            "fl_y": 50.0,
            "h": 1000.0,
            "w": 1000.0
        },
        {
            "file_path": "./train/image_0034",
            "rotation": 0.12566370614359174,
            "transform_matrix": [
                [
                    -0.2487,
                    -0.0077,
                    0.9686,
                    2.1132
                ],
                [
                    0.0,
                    1.0,
                    0.008,
                    0.2
                ],
                [
                    -0.9686,
                    0.002,
                    -0.2487,
                    -0.4974
                ],
                [
                    0.0,
                    0.0,
                    0.0,
                    1.0
                ]
            ],
            "cx": 500.0,
            "cy": 500.0,
            "fl_x": 50.0,
            "fl_y": 50.0,
            "h": 1000.0,
            "w": 1000.0
        },
        {
            "file_path": "./train/image_0035",
            "rotation": 0.12566370614359174,
            "transform_matrix": [
                [
                    0.2487,
                    -0.5149,
                    0.8204,
                    1.4352
                ],
                [
                    0.0,
                    0.847,
                    0.5316,
                    1.0
                ],
                [
                    -0.9686,
                    -0.1322,
                    0.2106,
                    0.3233
                ],
                [
                    0.0,
                    0.0,
                    0.0,
                    1.0
                ]
            ],
            "cx": 500.0,
            "cy": 500.0,
            "fl_x": 50.0,
            "fl_y": 50.0,
            "h": 1000.0,
            "w": 1000.0
        },
        {
            "file_path": "./train/image_0036",
            "rotation": 0.12566370614359174,
            "transform_matrix": [
                [
                    0.6845,
                    -0.3875,
                    0.6174,
                    1.1237
                ],
                [
                    0.0,
                    0.847,
                    0.5316,
                    1.0
                ],
                [
                    -0.729,
                    -0.3639,
                    0.5798,
                    0.8899
                ],
                [
                    0.0,
                    0.0,
                    0.0,
                    1.0
                ]
            ],
            "cx": 500.0,
            "cy": 500.0,
            "fl_x": 50.0,
            "fl_y": 50.0,
            "h": 1000.0,
            "w": 1000.0
        },
        {
            "file_path": "./train/image_0037",
            "rotation": 0.12566370614359174,
            "transform_matrix": [
                [
                    0.8443,
                    -0.2849,
                    0.4538,
                    0.8726
                ],
                [
                    0.0,
                    0.847,
                    0.5316,
                    1.0
                ],
                [
                    -0.5358,
                    -0.4489,
                    0.7151,
                    1.0976
                ],
                [
                    0.0,
                    0.0,
                    0.0,
                    1.0
                ]
            ],
            "cx": 500.0,
            "cy": 500.0,
            "fl_x": 50.0,
            "fl_y": 50.0,
            "h": 1000.0,
            "w": 1000.0
        },
        {
            "file_path": "./train/image_0038",
            "rotation": 0.12566370614359174,
            "transform_matrix": [
                [
                    0.9048,
                    0.2264,
                    -0.3606,
                    -0.3775
                ],
                [
                    0.0,
                    0.847,
                    0.5316,
                    1.0
                ],
                [
                    0.4258,
                    -0.481,
                    0.7664,
                    1.1763
                ],
                [
                    0.0,
                    0.0,
                    0.0,
                    1.0
                ]
            ],
            "cx": 500.0,
            "cy": 500.0,
            "fl_x": 50.0,
            "fl_y": 50.0,
            "h": 1000.0,
            "w": 1000.0
        },
        {
            "file_path": "./train/image_0039",
            "rotation": 0.12566370614359174,
            "transform_matrix": [
                [
                    0.5878,
                    0.4301,
                    -0.6852,
                    -0.8757
                ],
                [
                    0.0,
                    0.847,
                    0.5316,
                    1.0
                ],
                [
                    0.809,
                    -0.3125,
                    0.4978,
                    0.7641
                ],
                [
                    0.0,
                    0.0,
                    0.0,
                    1.0
                ]
            ],
            "cx": 500.0,
            "cy": 500.0,
            "fl_x": 50.0,
            "fl_y": 50.0,
            "h": 1000.0,
            "w": 1000.0
        },
        {
            "file_path": "./train/image_0040",
            "rotation": 0.12566370614359174,
            "transform_matrix": [
                [
                    0.1253,
                    0.5274,
                    -0.8403,
                    -1.1137
                ],
                [
                    0.0,
                    0.847,
                    0.5316,
                    1.0
                ],
                [
                    0.9921,
                    -0.0666,
                    0.1062,
                    0.1629
                ],
                [
                    0.0,
                    0.0,
                    0.0,
                    1.0
                ]
            ],
            "cx": 500.0,
            "cy": 500.0,
            "fl_x": 50.0,
            "fl_y": 50.0,
            "h": 1000.0,
            "w": 1000.0
        },
        {
            "file_path": "./train/image_0041",
            "rotation": 0.12566370614359174,
            "transform_matrix": [
                [
                    -0.7705,
                    0.3389,
                    -0.5399,
                    -0.6527
                ],
                [
                    0.0,
                    0.847,
                    0.5316,
                    1.0
                ],
                [
                    0.6374,
                    0.4096,
                    -0.6526,
                    -1.0017
                ],
                [
                    0.0,
                    0.0,
                    0.0,
                    1.0
                ]
            ],
            "cx": 500.0,
            "cy": 500.0,
            "fl_x": 50.0,
            "fl_y": 50.0,
            "h": 1000.0,
            "w": 1000.0
        },
        {
            "file_path": "./train/image_0042",
            "rotation": 0.12566370614359174,
            "transform_matrix": [
                [
                    -0.9511,
                    -0.1643,
                    0.2617,
                    0.5777
                ],
                [
                    0.0,
                    0.847,
                    0.5316,
                    1.0
                ],
                [
                    -0.309,
                    0.5056,
                    -0.8055,
                    -1.2364
                ],
                [
                    0.0,
                    0.0,
                    0.0,
                    1.0
                ]
            ],
            "cx": 500.0,
            "cy": 500.0,
            "fl_x": 50.0,
            "fl_y": 50.0,
            "h": 1000.0,
            "w": 1000.0
        },
        {
            "file_path": "./train/image_0043",
            "rotation": 0.12566370614359174,
            "transform_matrix": [
                [
                    -0.8443,
                    -0.2849,
                    0.4538,
                    0.8726
                ],
                [
                    0.0,
                    0.847,
                    0.5316,
                    1.0
                ],
                [
                    -0.5358,
                    0.4489,
                    -0.7151,
                    -1.0976
                ],
                [
                    0.0,
                    0.0,
                    0.0,
                    1.0
                ]
            ],
            "cx": 500.0,
            "cy": 500.0,
            "fl_x": 50.0,
            "fl_y": 50.0,
            "h": 1000.0,
            "w": 1000.0
        },
        {
            "file_path": "./train/image_0044",
            "rotation": 0.12566370614359174,
            "transform_matrix": [
                [
                    -0.6845,
                    -0.3875,
                    0.6174,
                    1.1237
                ],
                [
